13
21
22
23
25,465,587
37
53
67
70
79
102
110
111
119,433,563
123
137
139
143
161
389
445
500
db2
524
548
554
623
631
636
873
993
995
1050
1080
1099
1344
1352
1433
1434
1521
1604
1723
1883
1911
1962
2202
2302
2375
2628
2947
3031
3260
3306
3310
3389
3478
3632
3671
4369
5019
5060
5353
5666
5672
5683
5850
5900
5984
6000-5
6379
6481
6666
7210
7634
8000
8009
8081
8091
8332,8333
9100
9160
9600
9999
10000
11211
12000
12345
17185
19150
27017
31337
35871
44818
47808
49152
50000
50030,50060,50070,50075,50090
60010,60030
